OP: x == y
       _     _     2     3     l1    [1]   d1    {}    True  False 
_      1     1     0     0     0     0     0     0     1     0     
_      1     1     0     0     0     0     0     0     1     0     
2      0     0     1     0     0     0     0     0     0     0     
3      0     0     0     1     0     0     0     0     0     0     
l1     0     0     0     0     1     1     0     0     0     0     
[1]    0     0     0     0     1     1     0     0     0     0     
d1     0     0     0     0     0     0     1     1     0     0     
{}     0     0     0     0     0     0     1     1     0     0     
True   1     1     0     0     0     0     0     0     1     0     
False  0     0     0     0     0     0     0     0     0     1     

OP: x != y
       _     _     2     3     l1    [1]   d1    {}    True  False 
_      0     0     1     1     1     1     1     1     0     1     
_      0     0     1     1     1     1     1     1     0     1     
2      1     1     0     1     1     1     1     1     1     1     
3      1     1     1     0     1     1     1     1     1     1     
l1     1     1     1     1     0     0     1     1     1     1     
[1]    1     1     1     1     0     0     1     1     1     1     
d1     1     1     1     1     1     1     0     0     1     1     
{}     1     1     1     1     1     1     0     0     1     1     
True   0     0     1     1     1     1     1     1     0     1     
False  1     1     1     1     1     1     1     1     1     0     

OP: x < y
       _     _     2     3     l1    [1]   d1    {}    True  False 
_      0     0     1     1                             0     0     
_      0     0     1     1                             0     0     
2      0     0     0     1                             0     0     
3      0     0     0     0                             0     0     
l1                             0     0                             
[1]                            0     0                             
d1                                                                 
{}                                                                 
True   0     0     1     1                             0     0     
False  1     1     1     1                             1     0     

OP: x <= y
       _     _     2     3     l1    [1]   d1    {}    True  False 
_      1     1     1     1                             1     0     
_      1     1     1     1                             1     0     
2      0     0     1     1                             0     0     
3      0     0     0     1                             0     0     
l1                             1     1                             
[1]                            1     1                             
d1                                                                 
{}                                                                 
True   1     1     1     1                             1     0     
False  1     1     1     1                             1     1     

OP: x > y
       _     _     2     3     l1    [1]   d1    {}    True  False 
_      0     0     0     0                             0     1     
_      0     0     0     0                             0     1     
2      1     1     0     0                             1     1     
3      1     1     1     0                             1     1     
l1                             0     0                             
[1]                            0     0                             
d1                                                                 
{}                                                                 
True   0     0     0     0                             0     1     
False  0     0     0     0                             0     0     

OP: x >= y
       _     _     2     3     l1    [1]   d1    {}    True  False 
_      1     1     0     0                             1     1     
_      1     1     0     0                             1     1     
2      1     1     1     0                             1     1     
3      1     1     1     1                             1     1     
l1                             1     1                             
[1]                            1     1                             
d1                                                                 
{}                                                                 
True   1     1     0     0                             1     1     
False  0     0     0     0                             0     1     

OP: x is y
       _     _     2     3     l1    [1]   d1    {}    True  False 
_      1     1     0     0     0     0     0     0     0     0     
_      1     1     0     0     0     0     0     0     0     0     
2      0     0     1     0     0     0     0     0     0     0     
3      0     0     0     1     0     0     0     0     0     0     
l1     0     0     0     0     1     0     0     0     0     0     
[1]    0     0     0     0     0     0     0     0     0     0     
d1     0     0     0     0     0     0     1     0     0     0     
{}     0     0     0     0     0     0     0     0     0     0     
True   0     0     0     0     0     0     0     0     1     0     
False  0     0     0     0     0     0     0     0     0     1     

OP: x is not y
       _     _     2     3     l1    [1]   d1    {}    True  False 
_      0     0     1     1     1     1     1     1     1     1     
_      0     0     1     1     1     1     1     1     1     1     
2      1     1     0     1     1     1     1     1     1     1     
3      1     1     1     0     1     1     1     1     1     1     
l1     1     1     1     1     0     1     1     1     1     1     
[1]    1     1     1     1     1     1     1     1     1     1     
d1     1     1     1     1     1     1     0     1     1     1     
{}     1     1     1     1     1     1     1     1     1     1     
True   1     1     1     1     1     1     1     1     0     1     
False  1     1     1     1     1     1     1     1     1     0     

OP: x in y
       _     _     2     3     l1    [1]   d1    {}    True  False 
_                              1     1     0     0                 
_                              1     1     0     0                 
2                              0     0     0     0                 
3                              0     0     0     0                 
l1                             0     0                             
[1]                            0     0                             
d1                             0     0                             
{}                             0     0                             
True                           1     1     0     0                 
False                          0     0     0     0                 

OP: x not in y
       _     _     2     3     l1    [1]   d1    {}    True  False 
_                              0     0     1     1                 
_                              0     0     1     1                 
2                              1     1     1     1                 
3                              1     1     1     1                 
l1                             1     1                             
[1]                            1     1                             
d1                             1     1                             
{}                             1     1                             
True                           0     0     1     1                 
False                          1     1     1     1                 


